1	45
2	46
3	43
4	45
5	49
6	44
7	46
8	47
9	48
10	48
11	47
12	45
13	45
14	45
15	45
16	46
17	45
18	44
19	44
20	49
21	49
22	48
23	43
24	48
25	43
26	43
27	50
28	43
29	50
30	48
31	46
32	46
33	47
34	47
35	44
36	49
37	50
38	45
39	48
40	44
41	46
42	47
43	48
44	44
45	46
46	42
47	41
48	47
49	46
50	45
51	48
52	45
53	46
54	42
55	47
56	50
57	50
58	47
59	46
60	44
61	43
62	43
63	45
64	46
65	49
66	45
67	45
68	46
69	45
70	46
71	42
72	44
73	43
74	48
75	43
76	46
77	43
78	41
79	47
80	48
81	47
82	45
83	49
84	49
85	43
86	46
87	43
88	44
89	45
90	46
91	47
92	48
93	46
94	45
95	45
96	47
97	46
98	47
99	45
100	47
101	44
102	44
103	49
104	46
105	43
106	48
107	45
108	47
109	47
110	50
111	45
112	48
113	44
114	50
115	49
116	43
117	44
118	47
119	45
120	45
121	47
122	47
123	49
124	49
125	47
126	45
127	43
128	44
129	44
130	49
131	49
132	47
133	46
134	48
135	47
136	46
137	45
138	48
139	50
140	44
141	45
142	45
143	47
144	45
145	46
146	45
147	44
148	46
149	48
150	43
151	45
152	48
153	45
154	45
155	46
156	49
157	48
158	48
159	47
160	44
161	43
162	47
163	44
164	47
165	46
166	48
167	44
168	45
169	49
170	47
171	44
172	44
173	45
174	46
175	48
176	48
177	48
178	48
179	46
180	46
181	46
182	43
183	45
184	43
185	44
186	46
187	45
188	44
189	45
190	47
191	48
192	43
193	44
194	49
195	53
196	45
197	49
198	44
199	47
200	46
201	46
202	44
203	48
204	47
205	51
206	46
207	52
208	49
209	45
210	44
211	44
212	48
213	47
214	46
215	46
216	46
217	46
218	49
219	46
220	45
221	45
222	46
223	47
224	47
225	44
226	49
227	46
228	45
229	44
230	48
231	47
232	44
233	48
234	45
235	47
236	48
237	44
238	45
239	47
240	42
241	42
242	44
243	45
244	47
245	44
246	46
247	45
248	45
249	48
250	45
251	48
252	46
253	50
254	42
255	46
256	44
257	49
258	47
259	46
260	46
261	43
262	50
263	43
264	47
265	48
266	46
267	45
268	47
269	41
270	49
271	42
272	44
273	44
274	45
275	44
276	47
277	48
278	50
279	43
280	46
281	46
282	45
283	47
284	43
285	47
286	44
287	48
288	46
289	44
290	49
291	45
292	46
293	45
294	46
295	51
296	52
297	46
298	48
299	45
300	48
301	48
302	48
303	47
304	46
305	42
306	43
307	42
308	44
309	41
310	46
311	50
312	44
313	48
314	49
315	46
316	46
317	46
318	46
319	48
320	48
321	47
322	43
323	46
324	44
325	45
326	47
327	45
328	49
329	46
330	44
331	46
332	43
333	44
334	46
335	45
336	46
337	50
338	45
339	47
340	46
341	47
342	47
343	49
344	45
345	46
346	47
347	45
348	47
349	45
350	46
351	46
352	47
353	48
354	51
355	45
356	47
357	50
358	47
359	46
360	46
361	45
362	46
363	47
364	44
365	46
366	46
367	46
368	47
369	47
370	49
371	45
372	45
373	44
374	42
375	50
376	44
377	44
378	47
379	49
380	42
381	45
382	46
383	44
384	45
385	46
386	46
387	47
388	51
389	45
390	43
391	46
392	47
393	47
394	45
395	46
396	44
397	48
398	44
399	43
400	46
401	50
402	49
403	47
404	45
405	45
406	44
407	47
408	47
409	47
410	48
411	44
412	45
413	44
414	49
415	50
416	46
417	45
418	46
419	42
420	49
421	46
422	50
423	44
424	44
425	43
426	45
427	47
428	45
429	46
430	48
431	46
432	45
433	44
434	45
435	45
436	47
437	46
438	46
439	46
440	44
441	50
442	48
443	46
444	45
445	44
446	47
447	45
448	46
449	43
450	44
451	48
452	49
453	48
454	45
455	42
456	44
457	48
458	46
459	47
460	46
461	46
462	52
463	47
464	45
465	50
466	43
467	49
468	46
469	45
470	49
471	46
472	44
473	47
474	42
475	47
476	45
477	47
478	47
479	45
480	47
481	48
482	42
483	47
484	45
485	47
486	47
487	49
488	44
489	48
490	46
491	43
492	45
493	48
494	45
495	43
496	43
497	47
498	47
499	41
500	48
501	44
502	44
503	48
504	47
505	49
506	46
507	45
508	45
509	43
510	46
511	41
512	46
513	47
514	47
515	48
516	45
517	47
518	45
519	42
520	48
521	46
522	48
523	45
524	44
525	44
526	44
527	44
528	46
529	46
530	48
531	44
532	44
533	46
534	47
535	43
536	45
537	44
538	46
539	47
540	47
541	47
542	47
543	49
544	50
545	47
546	44
547	46
548	45
549	46
550	41
551	44
552	48
553	51
554	47
555	49
556	45
557	44
558	43
559	44
560	47
561	43
562	46
563	49
564	43
565	43
566	42
567	48
568	43
569	48
570	47
571	47
572	44
573	44
574	44
575	46
576	46
577	46
578	45
579	49
580	45
581	46
582	44
583	46
584	46
585	47
586	46
587	47
588	49
589	45
590	50
591	45
592	49
593	46
594	50
595	47
596	45
597	45
598	43
599	43
600	46
601	49
602	48
603	46
604	51
605	45
606	46
607	46
608	49
609	43
610	46
611	47
612	44
613	44
614	51
615	46
616	45
617	49
618	43
619	43
620	44
621	46
622	44
623	45
624	48
625	48
626	48
627	45
628	43
629	44
630	47
631	45
632	45
633	42
634	42
635	45
636	44
637	51
638	47
639	47
640	43
641	53
642	44
643	47
644	44
645	46
646	45
647	46
648	48
649	47
650	47
651	44
652	44
653	43
654	41
655	46
656	44
657	46
658	46
659	47
660	47
661	48
662	46
663	44
664	44
665	51
666	47
667	44
668	47
669	47
670	43
671	44
672	45
673	46
674	48
675	50
676	48
677	47
678	44
679	47
680	43
681	48
682	43
683	49
684	48
685	42
686	47
687	49
688	44
689	49
690	43
691	48
692	49
693	49
694	46
695	46
696	42
697	47
698	50
699	42
700	45
701	46
702	49
703	48
704	48
705	45
706	48
707	47
708	43
709	48
710	49
711	43
712	48
713	48
714	47
715	43
716	50
717	46
718	49
719	47
720	48
721	44
722	46
723	42
724	46
725	47
726	47
727	46
728	45
729	45
730	47
731	47
732	44
733	50
734	45
735	44
736	43
737	48
738	47
739	46
740	45
741	46
742	47
743	48
744	44
745	45
746	41
747	46
748	45
749	49
750	45
751	47
752	48
753	48
754	50
755	46
756	48
757	46
758	46
759	45
760	44
761	44
762	47
763	50
764	43
765	44
766	46
767	44
768	46
769	45
770	47
771	45
772	42
773	48
774	46
775	45
776	43
777	48
778	48
779	45
780	47
781	50
782	45
